{"distances":[[0,3,15,13,4,5,9,5,16,8],[3,0,18,16,2,2,12,6,19,8],[15,18,0,2,17,19,7,13,3,16],[13,16,2,0,15,17,5,11,4,14],[4,2,17,15,0,2,10,4,17,5],[5,2,19,17,2,0,12,6,19,6],[9,12,7,5,10,12,0,6,7,9],[5,6,13,11,4,6,6,0,13,4],[16,19,3,4,17,19,7,13,0,15],[8,8,16,14,5,6,9,4,15,0]]}